time,x,y,z,phi,theta,psi,x_velocity,y_velocity,z_velocity,phi_velocity,theta_velocity,psi_velocity,rotor_speed1,rotor_speed2,rotor_speed3,rotor_speed4
0.06,-1.3161048993900165e-08,1.6125817123653661e-06,10.006949784872276,0.0009237605638645618,1.4113967930384774e-05,0.0,-1.3011518470049613e-06,0.0001227208579154323,0.2316404962925573,0.035616620132047486,0.000701640427870101,0.0,477.5245250218784,477.5780297350458,474.77142907520823,477.49575473016705
0.12000000000000001,-1.1285768675211194e-06,3.172915757103077e-05,10.020462308014704,0.0027193895619586073,0.0006645976811476828,0.0,-6.991184236123124e-05,0.0010519024502838807,0.21877936640095133,0.015012965024327625,0.025850457282207796,0.0,398.21558151676913,400.50901620996234,400.67737988574436,398.8005396793117
0.18,-2.6952776694369155e-05,0.00015851494784702567,10.037959173612627,0.0037203211450833606,0.00272146644685467,0.0,-0.000991249502785445,0.0032778197057974686,0.36441302869589753,0.019827322858713452,0.04730414227978298,0.0,449.94330218038715,451.6769695693243,451.42776499756684,451.8159254321764
0.23999999999999996,-0.0001549859046108251,0.00043884197647557193,10.063308899737885,0.005218711200829951,0.005343075672766595,0.0,-0.0035626426927615963,0.006208218421053383,0.48053390906998283,0.03366745108229991,0.035267121240195605,0.0,442.80557755014354,441.8154863350878,441.4133537781185,442.5539287222158
0.3,-0.0004870499456883408,0.0009269481310990472,10.095091013652988,0.007565059180783429,0.007587781148271411,0.0,-0.007728084270874423,0.010285667223558486,0.5788219797405567,0.04821617224613037,0.04138785100710224,0.0,436.12384466609967,436.63537960588866,436.2586779455362,437.47236696517604
0.36000000000000004,-0.0011590819468514377,0.0017523499024969943,10.137877067044654,0.010108066462615639,0.010870284560266619,0.0,-0.015048231241957291,0.01757619126391222,0.8472134587540658,0.026954753465716644,0.07300920893820606,0.0,487.5271641669111,489.88533007948126,487.71033382160823,486.12074124856997
0.4200000000000001,-0.0023140735685820858,0.0030318432590504345,10.192639136481088,0.011231650465677312,0.015038951693405522,0.0,-0.023907092830789806,0.025229203091422365,0.9780781730892197,-0.007788252416783489,0.06127077984746645,0.0,447.44098329145146,446.48804849622877,449.1666375973856,446.3405007806736
0.48000000000000015,-0.004021751867407939,0.004739198075306366,10.251043111089944,0.010620390374363353,0.018297401966236748,0.0,-0.03331842093715529,0.03163675463265754,0.96872440949465,-0.015479418782505042,0.03434705697981296,0.0,402.37979524854734,399.9374674212348,402.66400640466617,401.96781587765116
0.5400000000000001,-0.006364179756201656,0.006829327347606919,10.309885858604494,0.0094244052257908,0.02033098006484657,0.0,-0.04494798277723956,0.03793926630494204,0.9926770324897287,-0.030793878794071528,0.03296916632103985,0.0,413.94612669967916,413.8254311496779,412.9579611624961,411.6049859500739
0.6000000000000002,-0.009457256538735357,0.009279555617599041,10.370930185403783,0.0076446263460194785,0.022082881976332125,0.0,-0.0583313109420915,0.043563150598276125,1.0420873159226582,-0.027492404373266454,0.02032611950613937,0.0,421.85117544638877,420.7584624023651,421.77539256723804,422.0600700717284
0.6600000000000003,-0.01342732865907511,0.012048127365979763,10.43686251043726,0.006221375472915014,0.0234234038778105,0.0,-0.07413559303545425,0.04856282915028916,1.1555463899430327,-0.017081760265085514,0.026096015186082545,0.0,440.831199387542,441.30769424975364,443.13181985296137,443.98659988476527
0.7200000000000003,-0.018295698479976016,0.015068909019030723,10.506244608265186,0.005499652942781985,0.024515944815142632,0.0,-0.08826748792630404,0.0520547702408769,1.1571856099622424,-0.0034674196533933423,-0.0063212217940297796,0.0,407.4016795775524,404.4931144752796,405.3026472058622,406.524360628259
0.7800000000000004,-0.024095178555603666,0.018304601694031215,10.578603684653697,0.0053728099416821,0.023843048143013412,0.0,-0.1049954118541508,0.05578414667783869,1.2546821694335097,0.00046407281237675056,-0.023446036029026916,0.0,438.4590481222983,437.0342698592692,437.1441940379461,437.47168686275273
0.8400000000000004,-0.03103329282509588,0.021796879656835074,10.663271705459403,0.0051903956968955,0.022609718202128093,0.0,-0.1260912891447557,0.06061425749417437,1.567213959194799,-0.011179099650425066,-0.015324535464742859,0.0,501.15854492533657,501.74850741110583,501.8002210317767,500.95445593948
0.9000000000000005,-0.03919549121993911,0.025568162870481893,10.766219041165096,0.004415908037048055,0.02167248163409763,0.0,-0.1458510830011512,0.06499849396476562,1.8639311892108266,-0.01661210818725752,-0.016219407952501198,0.0,498.2898598551525,498.2245693491532,497.5147321892855,497.1169538862855
0.9600000000000005,-0.04847484955845817,0.029572290458580838,10.884941597482603,0.0037858718192680385,0.02088065838839004,0.0,-0.16334693757227267,0.06837481057302326,2.0930986340718625,-0.0004534645907686473,-0.007750198795041427,0.0,478.19792012850615,478.8427081894414,479.75186562464563,480.97722888853616
1.0200000000000005,-0.05875416594633678,0.03376138712426791,11.015842369048132,0.0035097988700831806,0.020527947057703777,0.0,-0.17924455718528476,0.07124511773455433,2.2699266156490894,-0.014554081224092763,-0.002375724773453652,0.0,464.3941124871479,464.8155689954731,465.5919416514003,464.4875698019901
1.0800000000000005,-0.07000673249047641,0.03811700900736342,11.158618577840604,0.002530934206731672,0.02052621050210135,0.0,-0.19582422917499712,0.07383024884003951,2.488829874544496,-0.020090307301182858,0.0042942712835659985,0.0,477.26537683351773,477.77416622829537,478.58117858828626,478.1597342351388
1.1400000000000006,-0.08221369933758362,0.04259781959770982,11.312485786898065,0.0009757101684568781,0.020476266661273,0.0,-0.21108281336911497,0.07538216843047445,2.639740264926243,-0.04134218450396904,-0.01382131619118536,0.0,459.45093316802405,458.01248125973046,459.41520332852105,457.7269119479823
1.2000000000000006,-0.09532937350105523,0.04713225479140228,11.47530606529241,6.281172596549769,0.02011445250533228,0.0,-0.22603883707560274,0.07547929693893295,2.7872555491286635,-0.07780972498509388,0.006208921864587119,0.0,457.8563732902029,459.4472571886159,459.44304124651063,456.5407142051287
1.2600000000000007,-0.10929291378935871,0.051603640163806294,11.644698673087909,6.276318623533095,0.020091299771180182,0.0,-0.2394319052510209,0.07310217161891683,2.858985952662205,-0.0879281162052655,-0.0187801149048762,0.0,436.9063230287664,434.8179087144037,435.4125263970259,434.5596959272409
1.3200000000000007,-0.12416630386298894,0.05579058919833641,11.823950254116657,6.27117458985494,0.01985070388212762,0.0,-0.25626237752887787,0.06581625954441812,3.1154007626187084,-0.08167416002369163,0.015651571679365907,0.0,489.8807453661254,492.43438508368433,491.3564826567623,491.8145995098631
1.3800000000000008,-0.13989993214002638,0.05950918033111486,12.011009880646828,6.265985282161267,0.020484844707520544,0.0,-0.26826386432984217,0.05769540777265114,3.11990037150979,-0.0984563724551896,-0.0022737855291626646,0.0,416.07240453957786,414.499947001257,415.983490151258,414.50432613332873
1.4400000000000008,-0.15643530782213325,0.06257899670876628,12.201934698840404,6.259795852300638,0.02042819937406737,0.0,-0.2828992791373045,0.04400180997954856,3.2439050682646187,-0.11476654600842905,0.0015910500466493566,0.0,454.3698712267536,454.6796344884329,453.5195970759558,452.19842564903973
1.5000000000000009,-0.17394223843931317,0.06457790382414282,12.40487639086331,6.252755514027779,0.02040571191256113,0.0,-0.30065471031990604,0.021757492467323843,3.5199875699303047,-0.12305045133748803,-0.004629292559013878,0.0,499.84115362576074,499.38763670666725,498.6628650257461,498.046596246594
1.560000000000001,-0.1923638024049185,0.06528937032128607,12.617068561791706,6.245267323056186,0.020386397112178045,0.0,-0.31338389924325677,0.001276519238544144,3.552960805224616,-0.12855763076487925,0.007139259348888882,0.0,427.36895537314416,428.3709377417999,427.16910727009264,426.6843122449387
1.620000000000001,-0.2115332863342045,0.06466540238918635,12.83036432122854,6.237532951814808,0.020627423174147452,0.0,-0.3256298725857067,-0.02275311782404093,3.5568568140590138,-0.12961181622734289,-0.003101549650247681,0.0,417.88200817585084,416.9882454195749,418.758409127937,418.65037063624595
1.680000000000001,-0.23149814604930324,0.06232926177740828,13.046704936739731,6.229797406403298,0.020102205359884273,0.0,-0.33982786584591174,-0.055891532323520066,3.654152016874889,-0.12758915577553526,-0.023538409380064265,0.0,449.2123780775684,447.55209446053334,448.1576854087135,448.30701570847935
1.740000000000001,-0.2522961857355083,0.05785844378910627,13.268652214277472,6.222327748273489,0.019359740405670678,0.0,-0.35333386146390866,-0.09387848823736492,3.743758181188148,-0.118934645252938,0.003748251514397595,0.0,446.02410785649255,448.24723538761623,445.7895109029496,446.48211424038163
1.8000000000000012,-0.2739285340481067,0.050852596328256866,13.497666182440813,6.215327909658969,0.019964560549662558,0.0,-0.36778369193516597,-0.1403866874880666,3.889500389253128,-0.1124744919553391,0.020426593699486555,0.0,463.9855334208935,465.29304177819307,464.2773122027956,464.77235086163995
1.8600000000000012,-0.29643135818062594,0.040952090834791025,13.73471897926757,6.208047836909875,0.021520033275025163,0.0,-0.3824510645865462,-0.19032389317575443,4.011774316203953,-0.15213649559803122,0.03512002995458301,0.0,457.7942803651836,458.96212934636384,460.3628231968126,457.19954029490475
1.9200000000000013,-0.3198361093628923,0.027941358231906712,13.97843284872936,6.1985647034022655,0.023331471777618518,0.0,-0.39790270550537205,-0.24428282234172052,4.111575818679084,-0.17376160392242887,0.017847670266060708,0.0,453.09777699756927,451.70719561296625,453.8892934073436,452.12665406439373
1.9800000000000013,-0.3440866390013818,0.011915822624194227,14.22323823775696,6.188300285544859,0.02457751392983276,0.0,-0.41054544278553995,-0.2907251807814552,4.04874126609149,-0.1661835249064802,0.02604611966392673,0.0,400.4172689561842,401.1625267412172,399.2562683695442,399.91542475482333
2.0400000000000014,-0.36934017127864566,-0.007923791223869941,14.473194366401117,6.17811196229095,0.02598018897388421,0.0,-0.43140033917708387,-0.37173470850352963,4.282135894914549,-0.1782513026579792,0.01742238078103765,0.0,493.39391117204855,492.75677539107375,493.563346382819,492.6471692351699
2.1000000000000014,-0.39572120837553376,-0.03223940569071137,14.731180761774693,6.1670132180894335,0.02704500055981285,0.0,-0.4480628352227564,-0.4397693825171173,4.3171402649600426,-0.20388226260892733,0.01838800493624223,0.0,434.2720566033316,434.3529919050777,436.80595122825713,434.62823546324955
2.1600000000000015,-0.4231182008150709,-0.06083155530432205,14.991088379107,6.154428436706855,0.02790791134820214,0.0,-0.4652598757503356,-0.5144161852374679,4.34616417323226,-0.2252560066210908,0.004840316444012992,0.0,434.3240356731583,433.1860872074815,434.5625693427403,432.72181727354234
2.2200000000000015,-0.4515869431085154,-0.0942590503836575,15.25361224399468,6.141182927925403,0.027625944990994356,0.0,-0.4837112291443056,-0.6010784891794743,4.4041950349977474,-0.21302533627578438,-0.04228620847529118,0.0,444.9723971066973,441.0971709508025,443.8349605804647,444.7893121352197
2.2800000000000016,-0.48113486903876657,-0.1330751429206901,15.519133001869102,6.128652404571689,0.02539226583788956,0.0,-0.5009940977165528,-0.6939420942284464,4.446118299428335,-0.2015805567974995,-0.02866084261135362,0.0,438.6967664445055,439.826092698327,439.19966539016133,440.1043937287659
2.3400000000000016,-0.5117367755501544,-0.17804521342330587,15.789333645890675,6.116042999948673,0.024112485587379773,0.0,-0.5189050640815482,-0.8062523152709103,4.559857788410783,-0.2388215665299298,-0.009673087140400723,0.0,461.33484384698335,462.8317965345804,465.0577241858936,462.0878650911327
2.4000000000000017,-0.5434331838221466,-0.2303290551597199,16.06806577964281,6.101722588382673,0.02331154358962184,0.0,-0.5375485507058042,-0.938019100444126,4.730159341128159,-0.23837967087864065,-0.021958492750383654,0.0,481.82376205703696,480.8940945830865,481.37827343499066,481.359645220951
2.4600000000000017,-0.5761860908621779,-0.29051879844754486,16.35520842531278,6.0878438239260575,0.021760977415420157,0.0,-0.5540559442755066,-1.0696579044420618,4.840430158630336,-0.2200139179210292,-0.03503510148558777,0.0,465.07870235913816,464.05311635759153,465.6755787737554,467.0593069558081
2.520000000000002,-0.6098840166861508,-0.3587920254592241,16.648404127471736,6.075149641453997,0.02039334794071035,0.0,-0.5690301455001922,-1.2073175326383665,4.931991653199443,-0.1985472485080797,-0.00555573663921451,0.0,460.12039569534267,462.448476053311,460.7480185349653,462.39947991495995
2.580000000000002,-0.6444700593124172,-0.43570121750912466,16.947608068740944,6.063301246696348,0.01985141389961953,0.0,-0.5837827918650437,-1.357421431912227,5.040593498274597,-0.19541070493926282,-0.017094943211498365,0.0,468.3002822059087,467.40184173623567,468.60950912634314,468.81737808238256
2.640000000000002,-0.6798946917870821,-0.5214968216188555,17.25164465451424,6.051828513073106,0.01872183182506415,0.0,-0.5969291171016649,-1.5034518566520005,5.093321363881868,-0.18392666032814328,-0.022535626568326653,0.0,453.35247278976203,452.9150944650915,451.8420622036905,452.73205270392106
2.700000000000002,-0.7160649765981847,-0.6160187909812207,17.557719460040673,6.040366017569186,0.017393201463614893,0.0,-0.6086229323010315,-1.6482350239798322,5.108696959390925,-0.21164295181672657,-0.02137163616158486,0.0,442.3150512747455,442.41089508706665,442.93302767194336,440.6105800975174
2.760000000000002,-0.7528737511224695,-0.7188879245474719,17.8624452384695,6.027475958147306,0.01593669740490089,0.0,-0.618231511528383,-1.7817733223938397,5.048670582290636,-0.22211882541314543,-0.030825991676797077,0.0,416.7693088154726,415.94185943683163,419.84891315435516,418.89005537763006
2.820000000000002,-0.7902717916687647,-0.830591803876346,18.165841023693716,6.013809981343037,0.013963217705255992,0.0,-0.6281929536058384,-1.9428340813897553,5.063919876735037,-0.2424944366424765,-0.03737897018564392,0.0,442.7353785752691,442.19537303330816,445.62503316883533,443.9038898068598
2.880000000000002,-0.8282375557776945,-0.9523558030576313,18.47059155579462,5.998889670390717,0.01204004033974826,0.0,-0.6371349481689147,-2.117222202752411,5.093669463963232,-0.265345576209498,-0.023101511998231912,0.0,448.8631024603248,450.02006005413074,450.9748280039962,449.06291882728374
2.940000000000002,-0.8667485338982613,-1.0858568965982875,18.780393770785476,5.983038495984314,0.011396691994773889,0.0,-0.6464498080037382,-2.3342599571163833,5.231604830288527,-0.26196773572629767,0.006656007698501561,0.0,484.46063252580547,486.6933610293055,484.85574343581305,485.045550642949
3.000000000000002,-0.9057767378298609,-1.2318476441449646,19.09555282329042,5.968500590826249,0.011789907928124954,0.0,-0.6545237760895818,-2.5333533634657806,5.272720185329745,-0.21865449575026044,0.006347982929321453,0.0,458.8234201537356,458.79885268237683,455.8874846215083,459.276552460911
3.0600000000000023,-0.9452959549124793,-1.3900022631768125,19.412933609048824,5.956996684473333,0.012687978095625496,0.0,-0.662843541125164,-2.739442124073357,5.3057424871742285,-0.163395220342397,0.028220456314081706,0.0,456.407854935541,458.1504498323191,455.8245674536701,460.1821615597775
3.1200000000000023,-0.9853434284351362,-1.5609162768016702,19.73275619312159,5.947670728781155,0.014149212912035303,0.0,-0.6722218429872846,-2.958424240082886,5.354058011176851,-0.14299358703969464,0.015211576632904504,0.0,465.15480659665803,464.1348116118178,463.4207925513586,464.99991311352096
3.1800000000000024,-1.025964247543086,-1.744754598030354,20.05427363115684,5.9390150133456245,0.015979692952301505,0.0,-0.6819369388282754,-3.170183476919392,5.3624530336799,-0.1469242232131782,0.050638514240445874,0.0,452.8877533167913,455.7291321177664,452.9400863882772,452.6047615798249
3.2400000000000024,-1.0672659255384502,-1.942631635822137,20.379468947237918,5.930425158576213,0.019253026286869535,0.0,-0.6951146443285087,-3.4263062607203687,5.47597564722073,-0.13654942092432135,0.0614184873103452,0.0,488.13787082888103,488.9434693702719,488.0143695669316,488.7711339522318
3.3000000000000025,-1.1093145559519932,-2.153980469905721,20.705758751098625,5.922970595584303,0.02371477326067062,0.0,-0.7068389056990345,-3.6193045797378156,5.40004461758371,-0.10695056613196545,0.09229463282084514,0.0,428.8374411408521,431.45702668848656,428.11115772713885,430.6076118274551
3.3600000000000025,-1.1520789062214305,-2.376108006025195,21.024985900888304,5.916470017513831,0.02907554001410606,0.0,-0.7190180984550775,-3.785602443575841,5.241050442545908,-0.11128154483204133,0.08268387947426144,0.0,400.2868473397396,399.41865641943866,401.19058305755163,400.78530051763335
3.4200000000000026,-1.1957800538665626,-2.609927561123281,21.338809150699852,5.910523917506239,0.033954192786696424,0.0,-0.7381152452903652,-4.008867525719987,5.219081892957534,-0.08193473562565882,0.07841479755530659,0.0,449.03336530624654,448.6921033339323,447.1808981953926,449.55675912151463
3.4800000000000026,-1.2408736666287448,-2.8589269925987804,21.655510539044545,5.905779491231888,0.03830417462680202,0.0,-0.7654724184275237,-4.291282669070468,5.3361842994661215,-0.0738938821955067,0.0567747673815754,0.0,495.3803029554143,493.7895458422658,494.0547169901506,494.64299216584413
3.5400000000000027,-1.2875547934761267,-3.1235968056941124,21.975659728132776,5.901154797533465,0.041891195082046195,0.0,-0.7908711416157578,-4.531369740232237,5.334687688310872,-0.08435468388943673,0.06520658166455233,0.0,459.91542496378605,460.5852871908924,460.04374134875405,459.2099578250284
3.6000000000000028,-1.3359342749975767,-3.403700396441514,22.297940519109552,5.895919056849101,0.04531527265669588,0.0,-0.8221298323019752,-4.805669113437446,5.406707234524713,-0.09381997259302093,0.03111279372981198,0.0,486.54727423994575,483.9891980460451,485.5607512957694,484.84434054401777
3.660000000000003,-1.3859500594862346,-3.697876963651089,22.618312595070176,5.8900396201643375,0.04707071703583221,0.0,-0.845207701916692,-5.000853176853869,5.272306959245816,-0.10800005905425387,0.02526202924485343,0.0,420.02965322907926,419.5221035627721,418.3684271068914,417.1225519118106
3.720000000000003,-1.4373857169459536,-4.003959955305122,22.93075530303493,5.883826635292644,0.04853958622422283,0.0,-0.869434850642242,-5.202584770699089,5.142305559737724,-0.09588001386902327,0.022872001886355013,0.0,420.7604837015832,420.55358072575854,419.9674238093452,421.0075809057679
3.780000000000003,-1.4904230671656138,-4.323269244828821,23.237703691074213,5.8776223960027245,0.04934739449285974,0.0,-0.8985717389407413,-5.44158805897024,5.088657962290933,-0.12598994494874097,-0.02253709155992072,0.0,449.1629284102798,445.46412230445196,449.51092100041143,447.0538214959275
3.840000000000003,-1.5452025143120371,-4.656969008988246,23.541142801506407,5.87084189144962,0.048001603354121514,0.0,-0.927284866310976,-5.682369814869953,5.025305858271184,-0.09504473255175092,-0.02221625426338283,0.0,446.1429176003234,446.16909587577,444.7022661501877,447.21859819504755
3.900000000000003,-1.6017578637209902,-5.005892369413509,23.842143578333424,5.865307473921906,0.04682494242698354,0.0,-0.9577533687099413,-5.948869838681787,5.007114735770464,-0.08715408993402224,-0.014852767726780361,0.0,462.8588656437492,463.4381989715763,462.14672479618645,462.76157654813414
3.960000000000003,-1.6601368044891478,-5.371078271424345,24.14227074906507,5.860718343904852,0.046103733924248935,0.0,-0.9881086508174785,-6.224389103355983,4.9961261204303975,-0.060901966037023865,-0.006884110882332477,0.0,466.890447755992,467.5120315893092,466.3068006732855,468.3489664299009
4.020000000000002,-1.7201541990377678,-5.751392918194715,24.43826432788407,5.857904599488524,0.04603531689271101,0.0,-1.0124636434850816,-6.453323732398012,4.870121905163337,-0.027943314443765743,0.008401078520576649,0.0,429.9919375185408,431.28528749134495,427.744683056308,430.5413813351314
4.080000000000001,-1.7819112016191556,-6.148012822699652,24.732090114131022,5.855891048818956,0.04647489764856516,0.0,-1.0461046738273383,-6.767385700424583,4.922748813623722,-0.048211382301374846,0.00508517343795106,0.0,490.5955948777541,490.3491502859273,490.90529046283615,489.39824577678223
4.14,-1.8454261017686564,-6.561183698563711,25.02373390057793,5.853247411190907,0.04661158928999143,0.0,-1.0710833132348505,-7.005548044622483,4.798446899804269,-0.03683914468823294,-0.0040283464872707155,0.0,434.3559190628211,433.59068020764005,433.7883706886684,434.7413975096121
4.199999999999998,-1.9104750625888727,-6.989056168242004,25.308512862976116,5.850884469297325,0.04644483737537808,0.0,-1.0972005060568877,-7.2573877086694445,4.69378648875087,-0.04502592204883367,-0.0003909880959812697,0.0,441.5592456990758,441.85935546674193,442.00123514795433,441.32501468022537
4.259999999999997,-1.977189082660459,-7.433050200064662,25.58888090490862,5.848055768913337,0.04613814341936706,0.0,-1.1265665941647642,-7.542816578734789,4.65093788235137,-0.05175957175045173,-0.01679588769758751,0.0,463.79048913005903,462.49995312604943,464.8154197100623,464.28603041153633
4.319999999999996,-2.0455070344964152,-7.892922195471584,25.86363436446139,5.844539662592478,0.04465013091788972,0.0,-1.1506255023204166,-7.786958557299694,4.507243781217694,-0.07802906361321463,-0.04998436321363311,0.0,432.42213596927803,429.61607376421716,431.898564623631,429.67376518595404
4.379999999999995,-2.115315495132347,-8.368290420891427,26.131190138150576,5.8408820878331635,0.04138641943844412,0.0,-1.1760663445256314,-8.059299870753293,4.410615897626965,-0.039319843295711025,-0.06512256563821284,0.0,449.1266832524441,447.8948189198688,446.54524082076546,449.68958206191104
4.439999999999993,-2.1866692976545354,-8.860923599678536,26.39450309508948,5.8387942884366275,0.037205961165577506,0.0,-1.2020161721436171,-8.362258888158845,4.365550092012901,-0.02701400250437183,-0.080827658386628,0.0,468.2667611697546,467.03957845315887,466.39683557852743,467.3567544173443
4.499999999999992,-2.259474835865286,-9.37154969671878,26.654345333005647,5.836970110741838,0.03227862437386797,0.0,-1.2244088772894457,-8.659140539281507,4.295091415206343,-0.03822739233936647,-0.0848442641666019,0.0,460.88590233444296,460.5630247790636,461.30276553123156,460.4159001010546
4.559999999999991,-2.3335018952397975,-9.899619578446648,26.908795404487776,5.8346334256800905,0.02754702707266876,0.0,-1.2427722222301567,-8.943882284415745,4.185984306576257,-0.04041913158179125,-0.06899195467129798,0.0,449.10410284952025,450.3834367970229,449.0844994605432,448.9058958888939
4.6199999999999894,-2.4085268528873,-10.444418597355819,27.155541301746545,5.832457174763036,0.023634340919088892,0.0,-1.2577726330057768,-9.216915058258579,4.0384939845580705,-0.029052680645598707,-0.05856058705911174,0.0,436.65310738720336,437.51948238136646,437.01255302838973,437.9586292742797
4.679999999999988,-2.4844667661074347,-11.007093202756337,27.39609552898273,5.831327701598273,0.02021409674339747,0.0,-1.27324464198316,-9.539471471553536,3.979003100494253,-0.0037183186282545386,-0.054060985417291145,0.0,468.6646169084338,469.0122714928434,467.3017082313176,469.2729654698766
4.739999999999987,-2.561217727034984,-11.587991210143935,27.63032578248289,5.831223308486674,0.01702816519369499,0.0,-1.2848922850022086,-9.824648928213467,3.8283622512998905,0.001949570015336988,-0.051241562414298,0.0,438.3940081544689,438.6264025566243,439.8321273913126,440.30147979194857
4.799999999999986,-2.6386538640928783,-12.187018880246253,27.85719141015706,5.831476711440036,0.013906725240289575,0.0,-1.2960555340685938,-10.143645134587763,3.7331208835273713,0.00842215077073462,-0.05363606851572296,0.0,459.95955942380266,459.7681782452248,458.5255802616962,459.0395773491495
4.859999999999984,-2.716695094663023,-12.804938972406713,28.077388994594507,5.831783895323351,0.01061713347751514,0.0,-1.3050684871472988,-10.454545225338547,3.606283318220909,-0.0024750758285723637,-0.05731955341246781,0.0,450.38777987566175,450.0876985163195,450.34101320129787,449.4583449231761
4.919999999999983,-2.795231851671053,-13.441952969498294,28.290406740805796,5.832232497545236,0.007793244604356708,0.0,-1.3125765950684734,-10.78011679557501,3.493627347291828,0.022275877370401008,-0.0319320901959016,0.0,456.20904581818223,458.2308495499913,454.26058930853696,456.2415945938357
4.979999999999982,-2.874162646136964,-14.097816443320102,28.494753248662693,5.833855628564502,0.0059438615228115665,0.0,-1.318322102663183,-11.083107978940204,3.3177258185913776,0.03520956505842849,-0.028692805465815135,0.0,434.79906868350815,435.0701143925148,435.6335126538554,436.71420389500986
5.0399999999999805,-2.953401553892685,-14.771188330114708,28.686639877141268,5.835758834589102,0.004356172207226727,0.0,-1.32288138185705,-11.364012105375837,3.0787164874503783,0.023624100031090584,-0.022336192653998055,0.0,412.80551875254935,413.3660475182202,412.96782662451943,411.9447037852386
